t	x
0.00E+00	-4.55E-04
3.33E-02	1.44E-04
6.67E-02	-3.25E-04
1.00E-01	-3.06E-04
1.33E-01	-6.46E-04
1.67E-01	-8.25E-04
2.00E-01	-1.02E-03
2.33E-01	-1.42E-03
2.67E-01	-2.27E-03
3.00E-01	-2.87E-03
3.33E-01	-3.32E-03
3.67E-01	-3.06E-03
4.00E-01	-2.42E-03
4.33E-01	-3.35E-03
4.67E-01	-3.24E-03
5.00E-01	-3.06E-03
5.33E-01	-6.35E-04
5.67E-01	-3.20E-03
6.00E-01	-1.52E-03
6.33E-01	-1.47E-03
6.67E-01	-1.98E-03
7.00E-01	-2.66E-03
7.33E-01	-2.79E-03
7.67E-01	-1.62E-03
8.00E-01	-2.98E-03
8.33E-01	-2.80E-03
8.67E-01	-3.06E-03
9.00E-01	-2.93E-03
9.33E-01	5.39E-04
9.67E-01	6.59E-04
1.00E+00	-4.42E-04
1.03E+00	-4.89E-04
1.07E+00	-5.01E-04
1.10E+00	-5.55E-04
1.13E+00	-6.20E-04
1.17E+00	-1.01E-03
1.20E+00	-1.39E-03
1.23E+00	-1.58E-03
1.27E+00	-1.30E-03
1.30E+00	-1.39E-03
1.33E+00	-1.36E-03
1.37E+00	-2.73E-03
1.40E+00	-3.44E-03
1.43E+00	-2.99E-03
1.47E+00	-2.70E-03
1.50E+00	-2.78E-03
1.53E+00	-2.81E-03
1.57E+00	-2.56E-03
1.60E+00	-2.73E-03
1.63E+00	-2.76E-03
1.67E+00	-2.61E-03
1.70E+00	-1.62E-03
1.73E+00	-2.74E-03
1.77E+00	-2.27E-03
1.80E+00	-3.08E-03
1.83E+00	-4.04E-04
1.87E+00	-1.27E-03
1.90E+00	-9.58E-04
1.93E+00	-1.37E-03
1.97E+00	-1.57E-03
2.00E+00	-1.49E-03
2.03E+00	-1.38E-03
2.07E+00	-1.54E-03
2.10E+00	-1.75E-03
2.13E+00	-2.04E-03
2.17E+00	-2.06E-03
2.20E+00	-1.41E-03
2.23E+00	-1.43E-03
2.27E+00	-1.23E-03
2.30E+00	-9.23E-04
2.33E+00	-5.65E-04
2.37E+00	-2.14E-04
2.40E+00	1.47E-05
2.43E+00	5.76E-04
2.47E+00	1.02E-03
2.50E+00	1.39E-03
2.53E+00	1.41E-04
2.57E+00	-7.84E-04
2.60E+00	9.88E-04
2.63E+00	9.69E-04
2.67E+00	7.36E-04
2.70E+00	3.19E-04
2.73E+00	5.89E-04
2.77E+00	-1.86E-03
2.80E+00	-3.11E-03
2.83E+00	-1.27E-03
2.87E+00	-3.75E-04
2.90E+00	-2.94E-03
2.93E+00	-1.76E-03
2.97E+00	-1.52E-03
3.00E+00	-1.68E-03
3.03E+00	-1.44E-03
3.07E+00	-1.88E-03
3.10E+00	-1.31E-03
3.13E+00	-4.67E-04
3.17E+00	-3.64E-04
3.20E+00	-6.23E-04
3.23E+00	3.76E-04
3.27E+00	1.00E-03
3.30E+00	1.42E-03
3.33E+00	2.00E-03
3.37E+00	2.55E-03
3.40E+00	3.03E-03
3.43E+00	3.56E-03
3.47E+00	4.02E-03
3.50E+00	4.75E-03
3.53E+00	5.36E-03
3.57E+00	5.93E-03
3.60E+00	6.72E-03
3.63E+00	7.73E-03
3.67E+00	8.66E-03
3.70E+00	9.68E-03
3.73E+00	1.06E-02
3.77E+00	1.18E-02
3.80E+00	1.33E-02
3.83E+00	1.47E-02
3.87E+00	1.61E-02
3.90E+00	1.77E-02
3.93E+00	1.93E-02
3.97E+00	2.04E-02
4.00E+00	2.15E-02
4.03E+00	2.23E-02
4.07E+00	2.26E-02
4.10E+00	2.28E-02
4.13E+00	2.24E-02
4.17E+00	2.19E-02
4.20E+00	2.04E-02
4.23E+00	2.04E-02
4.27E+00	1.97E-02
4.30E+00	1.83E-02
4.33E+00	1.73E-02
4.37E+00	1.62E-02
4.40E+00	1.52E-02
4.43E+00	1.40E-02
4.47E+00	1.29E-02
4.50E+00	1.24E-02
4.53E+00	1.24E-02
4.57E+00	1.48E-02
4.60E+00	1.58E-02
4.63E+00	1.70E-02
4.67E+00	1.89E-02
4.70E+00	2.01E-02
4.73E+00	2.17E-02
4.77E+00	2.34E-02
4.80E+00	2.52E-02
4.83E+00	2.70E-02
4.87E+00	2.86E-02
4.90E+00	3.02E-02
4.93E+00	3.16E-02
4.97E+00	3.28E-02
5.00E+00	3.34E-02
5.03E+00	3.33E-02
5.07E+00	3.28E-02
5.10E+00	3.19E-02
5.13E+00	2.99E-02
5.17E+00	2.88E-02
5.20E+00	2.79E-02
5.23E+00	2.61E-02
5.27E+00	2.43E-02
5.30E+00	2.35E-02
5.33E+00	2.31E-02
5.37E+00	2.26E-02
5.40E+00	2.18E-02
5.43E+00	2.18E-02
5.47E+00	2.15E-02
5.50E+00	2.18E-02
5.53E+00	2.26E-02
5.57E+00	2.36E-02
5.60E+00	2.52E-02
5.63E+00	2.69E-02
5.67E+00	2.88E-02
5.70E+00	3.09E-02
5.73E+00	3.30E-02
5.77E+00	3.53E-02
5.80E+00	3.74E-02
5.83E+00	3.96E-02
5.87E+00	4.16E-02
5.90E+00	4.33E-02
5.93E+00	4.51E-02
5.97E+00	4.59E-02
6.00E+00	4.61E-02
6.03E+00	4.51E-02
6.07E+00	4.38E-02
6.10E+00	4.25E-02
6.13E+00	3.97E-02
6.17E+00	3.83E-02
6.20E+00	3.67E-02
6.23E+00	3.49E-02
6.27E+00	3.35E-02
6.30E+00	3.13E-02
6.33E+00	2.98E-02
6.37E+00	2.82E-02
6.40E+00	2.70E-02
6.43E+00	2.64E-02
6.47E+00	2.52E-02
6.50E+00	2.67E-02
6.53E+00	2.97E-02
6.57E+00	3.18E-02
6.60E+00	3.39E-02
6.63E+00	3.61E-02
6.67E+00	3.82E-02
6.70E+00	4.04E-02
6.73E+00	4.26E-02
6.77E+00	4.47E-02
6.80E+00	4.68E-02
6.83E+00	4.87E-02
6.87E+00	5.02E-02
6.90E+00	5.13E-02
6.93E+00	5.12E-02
6.97E+00	5.00E-02
7.00E+00	4.77E-02
7.03E+00	4.67E-02
7.07E+00	4.37E-02
7.10E+00	4.26E-02
7.13E+00	4.05E-02
7.17E+00	3.82E-02
7.20E+00	3.62E-02
7.23E+00	3.37E-02
7.27E+00	3.11E-02
7.30E+00	2.91E-02
7.33E+00	2.77E-02
7.37E+00	2.56E-02
7.40E+00	2.64E-02
7.43E+00	2.82E-02
7.47E+00	2.99E-02
7.50E+00	3.16E-02
7.53E+00	3.33E-02
7.57E+00	3.50E-02
7.60E+00	3.68E-02
7.63E+00	3.87E-02
7.67E+00	4.05E-02
7.70E+00	4.23E-02
7.73E+00	4.40E-02
7.77E+00	4.55E-02
7.80E+00	4.68E-02
7.83E+00	4.70E-02
7.87E+00	4.58E-02
7.90E+00	4.40E-02
7.93E+00	4.24E-02
7.97E+00	3.87E-02
8.00E+00	3.69E-02
8.03E+00	3.47E-02
8.07E+00	3.23E-02
8.10E+00	3.00E-02
8.13E+00	2.73E-02
8.17E+00	2.52E-02
8.20E+00	2.27E-02
8.23E+00	2.04E-02
8.27E+00	1.80E-02
8.30E+00	1.64E-02
8.33E+00	1.64E-02
8.37E+00	1.79E-02
8.40E+00	1.87E-02
8.43E+00	1.96E-02
8.47E+00	1.98E-02
8.50E+00	2.05E-02
8.53E+00	2.11E-02
8.57E+00	2.19E-02
8.60E+00	2.26E-02
8.63E+00	2.34E-02
8.67E+00	2.40E-02
8.70E+00	2.45E-02
8.73E+00	2.44E-02
8.77E+00	2.37E-02
8.80E+00	2.25E-02
8.83E+00	2.10E-02
8.87E+00	1.92E-02
8.90E+00	1.66E-02
8.93E+00	1.61E-02
8.97E+00	1.39E-02
9.00E+00	1.29E-02
9.03E+00	1.10E-02
9.07E+00	8.86E-03
9.10E+00	7.83E-03
9.13E+00	6.77E-03
9.17E+00	5.92E-03
9.20E+00	4.96E-03
9.23E+00	4.08E-03
9.27E+00	3.15E-03
9.30E+00	2.01E-03
9.33E+00	1.07E-03
9.37E+00	3.84E-04
9.40E+00	-1.39E-04
9.43E+00	-5.95E-04
9.47E+00	-1.15E-03
9.50E+00	-1.58E-03
9.53E+00	-2.41E-03
9.57E+00	-3.09E-03
9.60E+00	-3.87E-03
9.63E+00	-4.45E-03
9.67E+00	-4.92E-03
9.70E+00	-4.77E-03
9.73E+00	-4.56E-03
9.77E+00	-4.93E-03
9.80E+00	-4.78E-03
9.83E+00	-4.17E-03
9.87E+00	-3.93E-03
9.90E+00	-3.51E-03
9.93E+00	-3.04E-03
9.97E+00	-2.69E-03
1.00E+01	-2.32E-03
1.00E+01	-1.95E-03
1.01E+01	-1.71E-03
1.01E+01	-1.53E-03
1.01E+01	-1.55E-03
1.02E+01	-1.37E-03
1.02E+01	-1.38E-03
1.02E+01	-1.49E-03
1.03E+01	-1.69E-03
1.03E+01	-1.92E-03
1.03E+01	-1.86E-03
1.04E+01	-1.78E-03
1.04E+01	-1.71E-03
1.04E+01	-1.62E-03
1.05E+01	-1.58E-03
1.05E+01	-1.78E-03
1.05E+01	-1.99E-03
1.06E+01	-2.22E-03
1.06E+01	-2.12E-03
1.06E+01	-1.45E-03
1.07E+01	-1.32E-03
1.07E+01	-1.16E-03
1.07E+01	-9.72E-04
1.08E+01	-6.08E-04
1.08E+01	-1.88E-04
1.08E+01	1.60E-04
1.09E+01	-3.32E-04
1.09E+01	-5.72E-04
1.09E+01	-6.24E-04
1.10E+01	-1.50E-03
1.10E+01	-6.80E-04
1.10E+01	4.38E-05
1.11E+01	-1.36E-05
1.11E+01	-2.77E-04
1.11E+01	2.08E-03
1.12E+01	2.72E-03
1.12E+01	4.56E-03
1.12E+01	5.04E-03
1.13E+01	5.63E-03
1.13E+01	6.30E-03
1.13E+01	7.02E-03
1.14E+01	7.78E-03
1.14E+01	8.27E-03
1.14E+01	8.75E-03
1.15E+01	9.05E-03
1.15E+01	9.18E-03
1.15E+01	9.31E-03
1.16E+01	9.42E-03
1.16E+01	9.06E-03
1.16E+01	8.57E-03
1.17E+01	7.71E-03
1.17E+01	7.71E-03
1.17E+01	7.55E-03
1.18E+01	7.46E-03
1.18E+01	6.44E-03
1.18E+01	5.23E-03
1.19E+01	3.69E-03
1.19E+01	4.21E-03
1.19E+01	4.89E-03
1.20E+01	4.37E-03
1.20E+01	4.46E-03
1.20E+01	5.84E-03
1.21E+01	6.80E-03
1.21E+01	7.34E-03
1.21E+01	7.59E-03
1.22E+01	8.22E-03
1.22E+01	8.84E-03
1.22E+01	9.73E-03
1.23E+01	1.06E-02
1.23E+01	1.12E-02
1.23E+01	1.18E-02
1.24E+01	1.24E-02
1.24E+01	1.28E-02
1.24E+01	1.27E-02
1.25E+01	1.26E-02
1.25E+01	1.26E-02
1.25E+01	1.20E-02
1.26E+01	1.10E-02
1.26E+01	1.04E-02
1.26E+01	9.61E-03
1.27E+01	9.67E-03
1.27E+01	8.65E-03
1.27E+01	7.26E-03
1.28E+01	6.03E-03
1.28E+01	5.58E-03
1.28E+01	5.56E-03
1.29E+01	5.27E-03
1.29E+01	4.88E-03
1.29E+01	5.27E-03
1.30E+01	7.98E-03
1.30E+01	8.76E-03
1.30E+01	9.60E-03
1.31E+01	1.02E-02
1.31E+01	1.09E-02
1.31E+01	1.18E-02
1.32E+01	1.28E-02
1.32E+01	1.37E-02
1.32E+01	1.47E-02
1.33E+01	1.55E-02
1.33E+01	1.61E-02
1.33E+01	1.65E-02
1.34E+01	1.64E-02
1.34E+01	1.63E-02
1.34E+01	1.57E-02
1.35E+01	1.41E-02
1.35E+01	1.35E-02
1.35E+01	1.34E-02
1.36E+01	1.28E-02
1.36E+01	1.19E-02
1.36E+01	1.08E-02
1.37E+01	1.08E-02
1.37E+01	1.07E-02
1.37E+01	1.06E-02
1.38E+01	1.07E-02
1.38E+01	1.06E-02
1.38E+01	1.07E-02
1.39E+01	1.12E-02
1.39E+01	1.19E-02
1.39E+01	1.27E-02
1.40E+01	1.34E-02
1.40E+01	1.45E-02
1.40E+01	1.58E-02
1.41E+01	1.72E-02
1.41E+01	1.86E-02
1.41E+01	1.99E-02
1.42E+01	2.13E-02
1.42E+01	2.25E-02
1.42E+01	2.37E-02
1.43E+01	2.45E-02
1.43E+01	2.48E-02
1.43E+01	2.48E-02
1.44E+01	2.39E-02
1.44E+01	2.37E-02
1.44E+01	2.24E-02
1.45E+01	2.08E-02
1.45E+01	2.05E-02
1.45E+01	1.96E-02
1.46E+01	1.86E-02
1.46E+01	1.76E-02
1.46E+01	1.63E-02
1.47E+01	1.54E-02
1.47E+01	1.40E-02
1.47E+01	1.31E-02
1.48E+01	1.29E-02
1.48E+01	1.30E-02
1.48E+01	1.40E-02
1.49E+01	1.50E-02
1.49E+01	1.59E-02
1.49E+01	1.68E-02
1.50E+01	1.78E-02
1.50E+01	1.90E-02
1.50E+01	2.02E-02
1.51E+01	2.16E-02
1.51E+01	2.27E-02
1.51E+01	2.39E-02
1.52E+01	2.50E-02
1.52E+01	2.57E-02
1.52E+01	2.55E-02
1.53E+01	2.49E-02
1.53E+01	2.40E-02
1.53E+01	2.27E-02
1.54E+01	2.02E-02
1.54E+01	1.92E-02
1.54E+01	1.83E-02
1.55E+01	1.67E-02
1.55E+01	1.53E-02
1.55E+01	1.28E-02
1.56E+01	1.08E-02
1.56E+01	9.99E-03
1.56E+01	1.00E-02
1.57E+01	9.53E-03
1.57E+01	8.63E-03
1.57E+01	9.45E-03
1.58E+01	1.05E-02
1.58E+01	1.06E-02
1.58E+01	1.07E-02
1.59E+01	1.11E-02
1.59E+01	1.18E-02
1.59E+01	1.23E-02
1.60E+01	1.29E-02
1.60E+01	1.33E-02
1.60E+01	1.37E-02
1.61E+01	1.39E-02
1.61E+01	1.41E-02
1.61E+01	1.37E-02
1.62E+01	1.33E-02
1.62E+01	1.29E-02
1.62E+01	1.19E-02
1.63E+01	1.09E-02
1.63E+01	9.19E-03
1.63E+01	8.48E-03
1.64E+01	7.64E-03
1.64E+01	6.83E-03
1.64E+01	6.03E-03
1.65E+01	4.40E-03
1.65E+01	3.32E-03
1.65E+01	2.80E-03
1.66E+01	2.02E-03
1.66E+01	2.06E-03
1.66E+01	1.56E-03
1.67E+01	3.19E-03
1.67E+01	2.34E-03
1.67E+01	3.26E-03
1.68E+01	2.87E-03
1.68E+01	2.97E-03
1.68E+01	3.05E-03
1.69E+01	3.11E-03
1.69E+01	3.32E-03
1.69E+01	3.18E-03
1.70E+01	2.93E-03
1.70E+01	2.62E-03
1.70E+01	2.26E-03
1.71E+01	2.13E-03
1.71E+01	2.23E-03
1.71E+01	1.99E-03
1.72E+01	8.15E-02
1.72E+01	8.05E-02
1.73E+01	8.20E-02
1.73E+01	8.55E-02
1.73E+01	8.72E-02
1.74E+01	9.00E-02
1.74E+01	9.43E-02
1.74E+01	9.57E-02
1.75E+01	9.93E-02
